   5.050000      4.9999997E-02
   5.050000      0.1500000    
   5.050000      0.2500000    
   5.050000      0.3500000    
   5.050000      0.4500000    
   5.050000      0.5500000    
   5.050000      0.6500000    
   5.050000      0.7499999    
   5.050000      0.8500000    
   5.050000      0.9499999    
   5.050000       1.050000    
   5.050000       1.150000    
   5.050000       1.250000    
   5.050000       1.350000    
   5.050000       1.450000    
   5.050000       1.550000    
   5.050000       1.650000    
   5.050000       1.750000    
   5.050000       1.850000    
   5.050000       1.950000    
   5.050000       2.050000    
   5.050000       2.150000    
   5.050000       2.250000    
   5.050000       2.350000    
   5.050000       2.450000    
   5.050000       2.550000    
   5.050000       2.650000    
   5.050000       2.750000    
   5.050000       2.850000    
   5.050000       2.950000    
   5.050000       3.050000    
   5.050000       3.150000    
   5.050000       3.250000    
   5.050000       3.350000    
   5.050000       3.450000    
   5.050000       3.550000    
   5.050000       3.650000    
   5.050000       3.750000    
   5.050000       3.850000    
   5.050000       3.950000    
   5.050000       4.050000    
   5.050000       4.150000    
   5.050000       4.250000    
   5.050000       4.349999    
   5.050000       4.450000    
   5.050000       4.550000    
   5.050000       4.650000    
   5.050000       4.750000    
   5.050000       4.849999    
   5.050000       4.950000    
