   6.950000       4.050000    
   6.950000       4.150000    
   6.950000       4.250000    
   6.950000       4.349999    
   6.950000       4.450000    
   6.950000       4.550000    
   6.950000       4.650000    
   6.950000       4.750000    
   6.950000       4.849999    
   6.950000       4.950000    
   6.950000       5.050000    
   6.950000       5.150000    
   6.950000       5.250000    
   6.950000       5.349999    
   6.950000       5.450000    
   6.950000       5.549999    
   6.950000       5.650000    
   6.950000       5.750000    
   6.950000       5.849999    
   6.950000       5.950000    
   6.950000       6.049999    
