   6.950000       4.050000    
   7.049999       4.050000    
   7.150000       4.050000    
   7.250000       4.050000    
   7.349999       4.050000    
   7.450000       4.050000    
   7.549999       4.050000    
   7.650000       4.050000    
   7.750000       4.050000    
   7.849999       4.050000    
   7.950000       4.050000    
   8.049999       4.050000    
   8.150000       4.050000    
   8.250000       4.050000    
   8.349999       4.050000    
   8.449999       4.050000    
   8.549999       4.050000    
   8.650000       4.050000    
   8.750000       4.050000    
   8.849999       4.050000    
   8.949999       4.050000    
   9.049999       4.050000    
   9.150000       4.050000    
   9.250000       4.050000    
   9.349999       4.050000    
   9.449999       4.050000    
   9.549999       4.050000    
   9.650000       4.050000    
   9.750000       4.050000    
   9.849999       4.050000    
   9.949999       4.050000    
   10.05000       4.050000    
   10.15000       4.050000    
   10.25000       4.050000    
   10.35000       4.050000    
   10.45000       4.050000    
   10.55000       4.050000    
   10.65000       4.050000    
   10.75000       4.050000    
   10.85000       4.050000    
   10.95000       4.050000    
   11.05000       4.050000    
   11.15000       4.050000    
   11.25000       4.050000    
   11.35000       4.050000    
   11.45000       4.050000    
   11.55000       4.050000    
   11.65000       4.050000    
   11.75000       4.050000    
   11.85000       4.050000    
   11.95000       4.050000    
   12.05000       4.050000    
   12.15000       4.050000    
   12.25000       4.050000    
   12.35000       4.050000    
   12.45000       4.050000    
   12.55000       4.050000    
   12.65000       4.050000    
   12.75000       4.050000    
   12.85000       4.050000    
   12.95000       4.050000    
   13.05000       4.050000    
   13.15000       4.050000    
   13.25000       4.050000    
   13.35000       4.050000    
   13.45000       4.050000    
   13.55000       4.050000    
   13.65000       4.050000    
   13.75000       4.050000    
   13.85000       4.050000    
   13.95000       4.050000    
   14.05000       4.050000    
   14.15000       4.050000    
   14.25000       4.050000    
   14.35000       4.050000    
   14.45000       4.050000    
   14.55000       4.050000    
   14.65000       4.050000    
   14.75000       4.050000    
   14.85000       4.050000    
   14.95000       4.050000    
