   5.050000       6.049999    
   5.150000       6.049999    
   5.250000       6.049999    
   5.349999       6.049999    
   5.450000       6.049999    
   5.549999       6.049999    
   5.650000       6.049999    
   5.750000       6.049999    
   5.849999       6.049999    
   5.950000       6.049999    
   6.049999       6.049999    
   6.150000       6.049999    
   6.250000       6.049999    
   6.349999       6.049999    
   6.450000       6.049999    
   6.549999       6.049999    
   6.650000       6.049999    
   6.750000       6.049999    
   6.849999       6.049999    
   6.950000       6.049999    
   7.049999       6.049999    
   7.150000       6.049999    
   7.250000       6.049999    
   7.349999       6.049999    
   7.450000       6.049999    
   7.549999       6.049999    
   7.650000       6.049999    
   7.750000       6.049999    
   7.849999       6.049999    
   7.950000       6.049999    
