   6.549999       1.050000    
   6.549999       1.150000    
   6.549999       1.250000    
   6.549999       1.350000    
   6.549999       1.450000    
   6.549999       1.550000    
   6.549999       1.650000    
   6.549999       1.750000    
   6.549999       1.850000    
   6.549999       1.950000    
   6.549999       2.050000    
   6.549999       2.150000    
   6.549999       2.250000    
   6.549999       2.350000    
   6.549999       2.450000    
   6.549999       2.550000    
   6.549999       2.650000    
   6.549999       2.750000    
   6.549999       2.850000    
   6.549999       2.950000    
   6.549999       3.050000    
   6.549999       3.150000    
   6.549999       3.250000    
   6.549999       3.350000    
   6.549999       3.450000    
   6.549999       3.550000    
   6.549999       3.650000    
   6.549999       3.750000    
   6.549999       3.850000    
   6.549999       3.950000    
   6.549999       4.050000    
   6.549999       4.150000    
   6.549999       4.250000    
   6.549999       4.349999    
   6.549999       4.450000    
   6.549999       4.550000    
   6.549999       4.650000    
   6.549999       4.750000    
   6.549999       4.849999    
   6.549999       4.950000    
   6.549999       5.050000    
   6.549999       5.150000    
   6.549999       5.250000    
   6.549999       5.349999    
   6.549999       5.450000    
   6.549999       5.549999    
   6.549999       5.650000    
   6.549999       5.750000    
   6.549999       5.849999    
   6.549999       5.950000    
   6.549999       6.049999    
