   13.05000       4.050000    
   13.05000       4.150000    
   13.05000       4.250000    
   13.05000       4.349999    
   13.05000       4.450000    
   13.05000       4.550000    
   13.05000       4.650000    
   13.05000       4.750000    
   13.05000       4.849999    
   13.05000       4.950000    
   13.05000       5.050000    
   13.05000       5.150000    
   13.05000       5.250000    
   13.05000       5.349999    
   13.05000       5.450000    
   13.05000       5.549999    
   13.05000       5.650000    
   13.05000       5.750000    
   13.05000       5.849999    
   13.05000       5.950000    
