   13.05000       5.950000    
   13.15000       5.950000    
   13.25000       5.950000    
   13.35000       5.950000    
   13.45000       5.950000    
   13.55000       5.950000    
   13.65000       5.950000    
   13.75000       5.950000    
   13.85000       5.950000    
   13.95000       5.950000    
   14.05000       5.950000    
   14.15000       5.950000    
   14.25000       5.950000    
   14.35000       5.950000    
   14.45000       5.950000    
   14.55000       5.950000    
   14.65000       5.950000    
   14.75000       5.950000    
   14.85000       5.950000    
   14.95000       5.950000    
