   14.95000      4.9999997E-02
   14.95000      0.1500000    
   14.95000      0.2500000    
   14.95000      0.3500000    
   14.95000      0.4500000    
   14.95000      0.5500000    
   14.95000      0.6500000    
   14.95000      0.7499999    
   14.95000      0.8500000    
   14.95000      0.9499999    
   14.95000       1.050000    
   14.95000       1.150000    
   14.95000       1.250000    
   14.95000       1.350000    
   14.95000       1.450000    
   14.95000       1.550000    
   14.95000       1.650000    
   14.95000       1.750000    
   14.95000       1.850000    
   14.95000       1.950000    
   14.95000       2.050000    
   14.95000       2.150000    
   14.95000       2.250000    
   14.95000       2.350000    
   14.95000       2.450000    
   14.95000       2.550000    
   14.95000       2.650000    
   14.95000       2.750000    
   14.95000       2.850000    
   14.95000       2.950000    
   14.95000       3.050000    
   14.95000       3.150000    
   14.95000       3.250000    
   14.95000       3.350000    
   14.95000       3.450000    
   14.95000       3.550000    
   14.95000       3.650000    
   14.95000       3.750000    
   14.95000       3.850000    
   14.95000       3.950000    
   14.95000       4.050000    
   14.95000       4.150000    
   14.95000       4.250000    
   14.95000       4.349999    
   14.95000       4.450000    
   14.95000       4.550000    
   14.95000       4.650000    
   14.95000       4.750000    
   14.95000       4.849999    
   14.95000       4.950000    
